Number of symmetry operations: 24
Op #: 1
 -1.000000   0.000000   0.000000
 -0.000000   0.333333   0.942809
 -0.000000   0.942809  -0.333333
shift:  -0.0000  -0.0000   0.0000
Op #: 2
 -1.000000   0.000000   0.000000
 -0.000000   1.000000   0.000000
 -0.000000  -0.000000   1.000000
shift:  -0.0000   0.0000   0.0000
Op #: 3
 -0.500000   0.288675   0.816497
 -0.866025  -0.166667  -0.471405
 -0.000000   0.942809  -0.333333
shift:   0.0000   0.0000   0.0000
Op #: 4
 -0.500000   0.288675   0.816497
 -0.288675   0.833333  -0.471405
 -0.816497  -0.471405  -0.333333
shift:   0.0000   0.0000   0.0000
Op #: 5
 -0.500000   0.866025   0.000000
 -0.866025  -0.500000   0.000000
 -0.000000   0.000000   1.000000
shift:   0.0000   0.0000   0.0000
Op #: 6
 -0.500000   0.866025   0.000000
 -0.288675  -0.166667   0.942809
 -0.816497  -0.471405  -0.333333
shift:   0.0000   0.0000   0.0000
Op #: 7
 -0.500000  -0.866025   0.000000
  0.288675  -0.166667   0.942809
  0.816497  -0.471405  -0.333333
shift:  -0.0000   0.0000   0.0000
Op #: 8
 -0.500000  -0.866025   0.000000
  0.866025  -0.500000   0.000000
 -0.000000   0.000000   1.000000
shift:  -0.0000   0.0000   0.0000
Op #: 9
  0.000000  -0.577350   0.816497
 -0.577350  -0.666667  -0.471405
  0.816497  -0.471405  -0.333333
shift:  -0.0000   0.0000   0.0000
Op #:10
  0.000000  -0.577350   0.816497
  0.577350  -0.666667  -0.471405
 -0.816497  -0.471405  -0.333333
shift:   0.0000   0.0000   0.0000
Op #:11
 -0.500000  -0.288675  -0.816497
  0.288675   0.833333  -0.471405
  0.816497  -0.471405  -0.333333
shift:  -0.0000   0.0000   0.0000
Op #:12
 -0.500000  -0.288675  -0.816497
  0.866025  -0.166667  -0.471405
 -0.000000   0.942809  -0.333333
shift:  -0.0000   0.0000   0.0000
Op #:13
  0.500000   0.288675   0.816497
  0.288675   0.833333  -0.471405
  0.816497  -0.471405  -0.333333
shift:  -0.0000   0.0000   0.0000
Op #:14
  0.500000   0.288675   0.816497
  0.866025  -0.166667  -0.471405
 -0.000000   0.942809  -0.333333
shift:  -0.0000   0.0000   0.0000
Op #:15
  0.000000   0.577350  -0.816497
 -0.577350  -0.666667  -0.471405
  0.816497  -0.471405  -0.333333
shift:  -0.0000   0.0000   0.0000
Op #:16
  0.000000   0.577350  -0.816497
  0.577350  -0.666667  -0.471405
 -0.816497  -0.471405  -0.333333
shift:   0.0000   0.0000   0.0000
Op #:17
  0.500000   0.866025   0.000000
  0.288675  -0.166667   0.942809
  0.816497  -0.471405  -0.333333
shift:  -0.0000   0.0000   0.0000
Op #:18
  0.500000   0.866025   0.000000
  0.866025  -0.500000   0.000000
 -0.000000   0.000000   1.000000
shift:  -0.0000   0.0000   0.0000
Op #:19
  0.500000  -0.866025   0.000000
 -0.866025  -0.500000   0.000000
  0.000000   0.000000   1.000000
shift:   0.0000   0.0000   0.0000
Op #:20
  0.500000  -0.866025   0.000000
 -0.288675  -0.166667   0.942809
 -0.816497  -0.471405  -0.333333
shift:   0.0000   0.0000   0.0000
Op #:21
  0.500000  -0.288675  -0.816497
 -0.866025  -0.166667  -0.471405
  0.000000   0.942809  -0.333333
shift:   0.0000   0.0000   0.0000
Op #:22
  0.500000  -0.288675  -0.816497
 -0.288675   0.833333  -0.471405
 -0.816497  -0.471405  -0.333333
shift:   0.0000   0.0000   0.0000
Op #:23
  1.000000   0.000000   0.000000
  0.000000   0.333333   0.942809
  0.000000   0.942809  -0.333333
shift:  -0.0000  -0.0000   0.0000
Op #:24
  1.000000   0.000000   0.000000
  0.000000   1.000000   0.000000
  0.000000  -0.000000   1.000000
shift:   0.0000   0.0000   0.0000
