Number of symmetry operations: 48
Op #: 1
 -1.000000   0.000000   0.000000
  0.000000   0.333333   0.942809
  0.000000   0.942809  -0.333333
shift:   0.0000   0.0000   0.0000
Op #: 2
 -1.000000   0.000000   0.000000
  0.000000   1.000000   0.000000
  0.000000   0.000000   1.000000
shift:   0.0000   0.0000   0.0000
Op #: 3
 -1.000000   0.000000   0.000000
  0.000000  -1.000000   0.000000
 -0.000000  -0.000000  -1.000000
shift:   0.0000   0.0000   0.0000
Op #: 4
 -1.000000   0.000000   0.000000
  0.000000  -0.333333  -0.942809
 -0.000000  -0.942809   0.333333
shift:   0.0000   0.0000   0.0000
Op #: 5
 -0.500000   0.288675   0.816497
 -0.866025  -0.166667  -0.471405
  0.000000   0.942809  -0.333333
shift:   0.0000   0.0000   0.0000
Op #: 6
 -0.500000   0.288675   0.816497
 -0.288675   0.833333  -0.471405
 -0.816497  -0.471405  -0.333333
shift:   0.0000   0.0000   0.0000
Op #: 7
 -0.500000   0.288675   0.816497
  0.288675  -0.833333   0.471405
  0.816497   0.471405   0.333333
shift:   0.0000   0.0000   0.0000
Op #: 8
 -0.500000   0.288675   0.816497
  0.866025   0.166667   0.471405
  0.000000  -0.942809   0.333333
shift:   0.0000   0.0000   0.0000
Op #: 9
 -0.500000   0.866025   0.000000
 -0.866025  -0.500000   0.000000
  0.000000  -0.000000   1.000000
shift:   0.0000   0.0000   0.0000
Op #:10
 -0.500000   0.866025   0.000000
 -0.288675  -0.166667   0.942809
 -0.816497  -0.471405  -0.333333
shift:   0.0000   0.0000   0.0000
Op #:11
 -0.500000   0.866025   0.000000
  0.288675   0.166667  -0.942809
  0.816497   0.471405   0.333333
shift:   0.0000   0.0000   0.0000
Op #:12
 -0.500000   0.866025   0.000000
  0.866025   0.500000   0.000000
  0.000000   0.000000  -1.000000
shift:   0.0000   0.0000   0.0000
Op #:13
 -0.500000  -0.866025   0.000000
 -0.866025   0.500000   0.000000
 -0.000000   0.000000  -1.000000
shift:   0.0000   0.0000   0.0000
Op #:14
 -0.500000  -0.866025   0.000000
  0.288675  -0.166667   0.942809
  0.816497  -0.471405  -0.333333
shift:   0.0000   0.0000   0.0000
Op #:15
 -0.500000  -0.866025   0.000000
 -0.288675   0.166667  -0.942809
 -0.816497   0.471405   0.333333
shift:   0.0000   0.0000   0.0000
Op #:16
 -0.500000  -0.866025   0.000000
  0.866025  -0.500000   0.000000
  0.000000  -0.000000   1.000000
shift:   0.0000   0.0000   0.0000
Op #:17
  0.000000  -0.577350   0.816497
 -0.577350   0.666667   0.471405
  0.816497   0.471405   0.333333
shift:   0.0000   0.0000   0.0000
Op #:18
  0.000000  -0.577350   0.816497
 -0.577350  -0.666667  -0.471405
  0.816497  -0.471405  -0.333333
shift:   0.0000   0.0000   0.0000
Op #:19
  0.000000  -0.577350   0.816497
  0.577350   0.666667   0.471405
 -0.816497   0.471405   0.333333
shift:   0.0000   0.0000   0.0000
Op #:20
  0.000000  -0.577350   0.816497
  0.577350  -0.666667  -0.471405
 -0.816497  -0.471405  -0.333333
shift:   0.0000   0.0000   0.0000
Op #:21
 -0.500000  -0.288675  -0.816497
 -0.866025   0.166667   0.471405
 -0.000000  -0.942809   0.333333
shift:   0.0000   0.0000   0.0000
Op #:22
 -0.500000  -0.288675  -0.816497
 -0.288675  -0.833333   0.471405
 -0.816497   0.471405   0.333333
shift:   0.0000   0.0000   0.0000
Op #:23
 -0.500000  -0.288675  -0.816497
  0.288675   0.833333  -0.471405
  0.816497  -0.471405  -0.333333
shift:   0.0000   0.0000   0.0000
Op #:24
 -0.500000  -0.288675  -0.816497
  0.866025  -0.166667  -0.471405
  0.000000   0.942809  -0.333333
shift:   0.0000   0.0000   0.0000
Op #:25
  0.500000   0.288675   0.816497
 -0.866025   0.166667   0.471405
 -0.000000  -0.942809   0.333333
shift:   0.0000   0.0000   0.0000
Op #:26
  0.500000   0.288675   0.816497
 -0.288675  -0.833333   0.471405
 -0.816497   0.471405   0.333333
shift:   0.0000   0.0000   0.0000
Op #:27
  0.500000   0.288675   0.816497
  0.288675   0.833333  -0.471405
  0.816497  -0.471405  -0.333333
shift:   0.0000   0.0000   0.0000
Op #:28
  0.500000   0.288675   0.816497
  0.866025  -0.166667  -0.471405
  0.000000   0.942809  -0.333333
shift:   0.0000   0.0000   0.0000
Op #:29
  0.000000   0.577350  -0.816497
 -0.577350   0.666667   0.471405
  0.816497   0.471405   0.333333
shift:   0.0000   0.0000   0.0000
Op #:30
  0.000000   0.577350  -0.816497
 -0.577350  -0.666667  -0.471405
  0.816497  -0.471405  -0.333333
shift:   0.0000   0.0000   0.0000
Op #:31
  0.000000   0.577350  -0.816497
  0.577350   0.666667   0.471405
 -0.816497   0.471405   0.333333
shift:   0.0000   0.0000   0.0000
Op #:32
  0.000000   0.577350  -0.816497
  0.577350  -0.666667  -0.471405
 -0.816497  -0.471405  -0.333333
shift:   0.0000   0.0000   0.0000
Op #:33
  0.500000   0.866025   0.000000
 -0.866025   0.500000   0.000000
 -0.000000   0.000000  -1.000000
shift:   0.0000   0.0000   0.0000
Op #:34
  0.500000   0.866025   0.000000
  0.288675  -0.166667   0.942809
  0.816497  -0.471405  -0.333333
shift:   0.0000   0.0000   0.0000
Op #:35
  0.500000   0.866025   0.000000
 -0.288675   0.166667  -0.942809
 -0.816497   0.471405   0.333333
shift:   0.0000   0.0000   0.0000
Op #:36
  0.500000   0.866025   0.000000
  0.866025  -0.500000   0.000000
  0.000000  -0.000000   1.000000
shift:   0.0000   0.0000   0.0000
Op #:37
  0.500000  -0.866025   0.000000
 -0.866025  -0.500000   0.000000
 -0.000000  -0.000000   1.000000
shift:   0.0000   0.0000   0.0000
Op #:38
  0.500000  -0.866025   0.000000
 -0.288675  -0.166667   0.942809
 -0.816497  -0.471405  -0.333333
shift:   0.0000   0.0000   0.0000
Op #:39
  0.500000  -0.866025   0.000000
  0.288675   0.166667  -0.942809
  0.816497   0.471405   0.333333
shift:   0.0000   0.0000   0.0000
Op #:40
  0.500000  -0.866025   0.000000
  0.866025   0.500000   0.000000
 -0.000000   0.000000  -1.000000
shift:   0.0000   0.0000   0.0000
Op #:41
  0.500000  -0.288675  -0.816497
 -0.866025  -0.166667  -0.471405
 -0.000000   0.942809  -0.333333
shift:   0.0000   0.0000   0.0000
Op #:42
  0.500000  -0.288675  -0.816497
 -0.288675   0.833333  -0.471405
 -0.816497  -0.471405  -0.333333
shift:   0.0000   0.0000   0.0000
Op #:43
  0.500000  -0.288675  -0.816497
  0.288675  -0.833333   0.471405
  0.816497   0.471405   0.333333
shift:   0.0000   0.0000   0.0000
Op #:44
  0.500000  -0.288675  -0.816497
  0.866025   0.166667   0.471405
 -0.000000  -0.942809   0.333333
shift:   0.0000   0.0000   0.0000
Op #:45
  1.000000   0.000000   0.000000
 -0.000000   0.333333   0.942809
  0.000000   0.942809  -0.333333
shift:   0.0000   0.0000   0.0000
Op #:46
  1.000000   0.000000   0.000000
 -0.000000   1.000000   0.000000
  0.000000   0.000000   1.000000
shift:   0.0000   0.0000   0.0000
Op #:47
  1.000000   0.000000   0.000000
 -0.000000  -1.000000   0.000000
 -0.000000  -0.000000  -1.000000
shift:   0.0000   0.0000   0.0000
Op #:48
  1.000000   0.000000   0.000000
 -0.000000  -0.333333  -0.942809
 -0.000000  -0.942809   0.333333
shift:   0.0000   0.0000   0.0000
